LSH Initialized in Node 0
LSH Initialized in Node 1
CMS Initialized in Node 0
CMS Initialized in Node 1
LSH Reservoir Initialized in Node 1
LSH Reservoir Initialized in Node 0
FLASH Controller Initialized in Node 0

Reading Data Node 0...
[readSparse]
FLASH Controller Initialized in Node 1
1000
2000
3000
4000
5000
6000
7000
8000
9000
10000
[readSparse] Read 38357581 numbers, 10300 vectors. 
Data Read Node 0: 10.7616 Seconds

Reading Groundtruth Node 0...
Groundtruth Read Node 0: 0.00299282 Seconds

[Status Rank 0]:
	Data Vector Range: [300, 5300)
	Data Range: [1100633, 19747643)
	Query Vector Range: [0, 150)
	Query Range: [0, 536537)

Adding Vectors Node 0...
[Status Rank 1]:
	Data Vector Range: [5300, 10300)
	Data Range: [19747643, 38357581)
	Query Vector Range: [150, 300)
	Query Range: [536537, 1100633)

Adding Vectors Node 1...
Node 1 Table Mem Usage ranges from 0.001923 to 0.002655, average 0.002209
Node 1 Table Mem Usage ranges from 0.013000 to 0.019836, average 0.017237
Node 1 Table Mem Usage ranges from 0.021881 to 0.032440, average 0.028278
Node 1 Table Mem Usage ranges from 0.029510 to 0.043640, average 0.037968
Node 1 Table Mem Usage ranges from 0.036346 to 0.054504, average 0.046970
Vectors Added Node 1: 0.0760749 Seconds

Node 0 Table Mem Usage ranges from 0.001923 to 0.002625, average 0.002253
Node 0 Table Mem Usage ranges from 0.013977 to 0.021027, average 0.017427
Node 0 Table Mem Usage ranges from 0.022491 to 0.033630, average 0.028547
Node 0 Table Mem Usage ranges from 0.030457 to 0.044983, average 0.038332
Node 0 Table Mem Usage ranges from 0.037781 to 0.054840, average 0.047617
Vectors Added Node 0: 0.082408 Seconds

Computing Query Hashes Node 0...
Computing Query Hashes Node 1...
Query Hashes Computed Node 0: 0.00216978 Seconds

Extracting Top K (CMS) Node 0...
Query Hashes Computed Node 1: 0.00218153 Seconds

Extracting Top K (CMS) Node 1...
Top K Extracted Node 1: 0.0123058 Seconds

Top K Extracted Node 0: 0.0145286 Seconds



================================
TOP K CMS

[similarityMetric] Averaging gtruth. 
[similarityMetric] Averaging output. 

S@k = s_out(s_true): In top k, average output similarity (average groundtruth similarity). 
S@1 = 0.801 (0.000) 
S@10 = 0.720 (0.000) 
S@20 = 0.688 (0.000) 
S@30 = 0.668 (0.000) 
S@32 = 0.665 (0.000) 
S@40 = 0.653 (0.000) 
S@50 = 0.641 (0.000) 
S@64 = 0.627 (0.000) 
S@100 = 0.605 (0.000) 
S@128 = 0.589 (0.000) 
1 10 20 30 32 40 50 64 100 128 
0.801 0.720 0.688 0.668 0.665 0.653 0.641 0.627 0.605 0.589 
0.000 0.000 0.000 0.000 0.000 0.000 0.000 0.000 0.000 0.000 

Similarity Metric Computed
Evaluation Complete
