
=================
== Webspam
=================

340000 Vectors, 10000 Queries
Nodes: 2
Tables: 24
RangePow: 18
Reservoir Size: 256
Hashes: 8
Using CMS Aggregation
CMS Bucket Size: 1024
CMS Hashes: 4

LSH Initialized in Node 0
LSH Initialized in Node 1
CMS Initialized in Node 0
CMS Initialized in Node 1
LSH Reservoir Initialized in Node 1
LSH Reservoir Initialized in Node 0
FLASH Controller Initialized in Node 1

Reading Data Node 1...
FLASH Controller Initialized in Node 0

Reading Data Node 0...
[readSparse]
[readSparse]
[readSparse] Read 633179023 numbers, 170000 vectors. 
[readSparse] Read 634310705 numbers, 170000 vectors. 
Data Read Node 1: 200.923 Seconds

Data Read Node 0: 200.923 Seconds

[readSparse]
[readSparse] Read 37207718 numbers, 10000 vectors. 
Adding Vectors Node 0...
Adding Vectors Node 1...
Node 1 Table Mem Usage ranges from 0.007092 to 0.009159, average 0.008198
Node 1 Table Mem Usage ranges from 0.052574 to 0.070942, average 0.063388
Node 1 Table Mem Usage ranges from 0.087040 to 0.119175, average 0.105745
Node 1 Table Mem Usage ranges from 0.116665 to 0.159889, average 0.142056
Node 1 Table Mem Usage ranges from 0.143578 to 0.196701, average 0.174636
Vectors Added Node 1: 3.19453 Seconds

Node 0 Table Mem Usage ranges from 0.007275 to 0.009346, average 0.008501
Node 0 Table Mem Usage ranges from 0.052605 to 0.070801, average 0.063489
Node 0 Table Mem Usage ranges from 0.086979 to 0.118649, average 0.105533
Node 0 Table Mem Usage ranges from 0.116764 to 0.160393, average 0.142092
Node 0 Table Mem Usage ranges from 0.143139 to 0.196934, average 0.174612
Vectors Added Node 0: 3.25494 Seconds

Computing Query Hashes Node 0...
Computing Query Hashes Node 1...
Query Hashes Computed Node 0: 0.0860336 Seconds

Extracting Top K (CMS) Node 0...
Query Hashes Computed Node 1: 0.0860192 Seconds

Extracting Top K (CMS) Node 1...
Top K Extracted Node 1: 1.81986 Seconds

Top K Extracted Node 0: 2.03352 Seconds

Reading Groundtruth Node 0...
Groundtruth Read Node 0: 0.00277863 Seconds

[readSparse]
[readSparse] Read 1304697446 numbers, 350000 vectors. 


================================
TOP K CMS

[similarityMetric] Averaging gtruth. 
[similarityMetric] Averaging output. 

S@k = s_out(s_true): In top k, average output similarity (average groundtruth similarity). 
S@1 = 0.901 (0.000) 
S@10 = 0.857 (0.000) 
S@20 = 0.840 (0.000) 
S@30 = 0.830 (0.000) 
S@32 = 0.828 (0.000) 
S@40 = 0.823 (0.000) 
S@50 = 0.817 (0.000) 
S@64 = 0.810 (0.000) 
S@100 = 0.797 (0.000) 
S@128 = 0.790 (0.000) 
1 10 20 30 32 40 50 64 100 128 
0.901 0.857 0.840 0.830 0.828 0.823 0.817 0.810 0.797 0.790 
0.000 0.000 0.000 0.000 0.000 0.000 0.000 0.000 0.000 0.000 

Similarity Metric Computed
S@1 = 0.000 
S@10 = 0.000 
S@20 = 0.000 
S@30 = 0.000 
S@32 = 0.000 
S@40 = 0.000 
S@50 = 0.000 
S@64 = 0.000 
S@100 = 0.000 
S@128 = 0.000 
1 10 20 30 32 40 50 64 100 128 
0.000 0.000 0.000 0.000 0.000 0.000 0.000 0.000 0.000 0.000 

Similarity of Data Computed
Evaluation Complete
