
=================
== Webspam
=================

340000 Vectors, 10000 Queries
Nodes: 2
Tables: 24
RangePow: 18
Reservoir Size: 256
Hashes: 8
CMS Bucket Size: 1024
CMS Hashes: 4
LSH Initialized in Node 0
LSH Initialized in Node 1
CMS Initialized in Node 0
CMS Initialized in Node 1
LSH Reservoir Initialized in Node 1
LSH Reservoir Initialized in Node 0
FLASH Controller Initialized in Node 0

Reading Data Node 0...
FLASH Controller Initialized in Node 1

Reading Data Node 1...
[readSparse]
[readSparse]
[readSparse] Read 633179023 numbers, 170000 vectors. 
[readSparse] Read 634310705 numbers, 170000 vectors. 
Data Read Node 1: 208.566 Seconds

Data Read Node 0: 208.566 Seconds

[readSparse]
[readSparse] Read 37207718 numbers, 10000 vectors. 
Adding Vectors Node 0...
Adding Vectors Node 1...
Node 1 Table Mem Usage ranges from 0.007092 to 0.009163, average 0.008200
Node 1 Table Mem Usage ranges from 0.052570 to 0.070942, average 0.063387
Node 1 Table Mem Usage ranges from 0.087040 to 0.119186, average 0.105743
Node 1 Table Mem Usage ranges from 0.116669 to 0.159870, average 0.142052
Node 1 Table Mem Usage ranges from 0.143581 to 0.196705, average 0.174633
Vectors Added Node 1: 3.20715 Seconds

Node 0 Table Mem Usage ranges from 0.007275 to 0.009346, average 0.008500
Node 0 Table Mem Usage ranges from 0.052608 to 0.070789, average 0.063491
Node 0 Table Mem Usage ranges from 0.086975 to 0.118637, average 0.105532
Node 0 Table Mem Usage ranges from 0.116745 to 0.160378, average 0.142089
Node 0 Table Mem Usage ranges from 0.143127 to 0.196911, average 0.174608
Vectors Added Node 0: 3.34734 Seconds

Computing Query Hashes Node 0...
Computing Query Hashes Node 1...
Query Hashes Computed Node 0: 0.0891067 Seconds

Extracting Top K (CMS) Node 0...
Query Hashes Computed Node 1: 0.089099 Seconds

Extracting Top K (CMS) Node 1...
Top K Extracted Node 1: 0.290023 Seconds

Top K Extracted Node 0: 3.2892 Seconds

Reading Groundtruth Node 0...
Groundtruth Read Node 0: 0.00193183 Seconds

[readSparse]
[readSparse] Read 1304697446 numbers, 350000 vectors. 


================================
TOP K CMS

[similarityMetric] Averaging gtruth. 
[similarityMetric] Averaging output. 

S@k = s_out(s_true): In top k, average output similarity (average groundtruth similarity). 
S@1 = 0.903 (0.000) 
S@10 = 0.860 (0.000) 
S@20 = 0.844 (0.000) 
S@30 = 0.835 (0.000) 
S@32 = 0.833 (0.000) 
S@40 = 0.828 (0.000) 
S@50 = 0.823 (0.000) 
S@64 = 0.817 (0.000) 
S@100 = 0.805 (0.000) 
S@128 = 0.798 (0.000) 
1 10 20 30 32 40 50 64 100 128 
0.903 0.860 0.844 0.835 0.833 0.828 0.823 0.817 0.805 0.798 
0.000 0.000 0.000 0.000 0.000 0.000 0.000 0.000 0.000 0.000 

Similarity Metric Computed
S@1 = 0.000 
S@10 = 0.000 
S@20 = 0.000 
S@30 = 0.000 
S@32 = 0.000 
S@40 = 0.000 
S@50 = 0.000 
S@64 = 0.000 
S@100 = 0.000 
S@128 = 0.000 
1 10 20 30 32 40 50 64 100 128 
0.000 0.000 0.000 0.000 0.000 0.000 0.000 0.000 0.000 0.000 

Similarity of Data Computed
Evaluation Complete
