
=================
== Webspam
=================

340000 Vectors, 10000 Queries
Nodes: 3
Tables: 24
RangePow: 18
Reservoir Size: 256
Hashes: 8
Using Bruteforce AggregationUsing Tree Aggregation
CMS Bucket Size: 1024
CMS Hashes: 4

LSH Initialized in Node 0
LSH Initialized in Node 1
LSH Initialized in Node 2
CMS Initialized in Node 0
CMS Initialized in Node 1
CMS Initialized in Node 2
LSH Reservoir Initialized in Node 1
LSH Reservoir Initialized in Node 0
LSH Reservoir Initialized in Node 2
FLASH Controller Initialized in Node 0

Reading Data Node 0...
FLASH Controller Initialized in Node 1

Reading Data Node 1...
FLASH Controller Initialized in Node 2

Reading Data Node 2...
[readSparse]
[readSparse]
[readSparse]
[readSparse] Read 422377049 numbers, 113334 vectors. 
[readSparse] Read 422570289 numbers, 113333 vectors. 
[readSparse] Read 422542390 numbers, 113333 vectors. 
Data Read Node 2: 158.71 Seconds

Data Read Node 1: 158.71 Seconds

Data Read Node 0: 158.71 Seconds

[readSparse]
[readSparse] Read 37207718 numbers, 10000 vectors. 
Adding Vectors Node 0...
Adding Vectors Node 1...
Adding Vectors Node 2...
Node 1 Table Mem Usage ranges from 0.005154 to 0.006489, average 0.005927
Node 1 Table Mem Usage ranges from 0.038189 to 0.051182, average 0.045842
Node 1 Table Mem Usage ranges from 0.063908 to 0.086697, average 0.077387
Node 1 Table Mem Usage ranges from 0.086269 to 0.117561, average 0.104695
Node 1 Table Mem Usage ranges from 0.106033 to 0.145588, average 0.129181
Vectors Added Node 1: 2.08952 Seconds

Node 0 Table Mem Usage ranges from 0.005112 to 0.006462, average 0.005895
Node 0 Table Mem Usage ranges from 0.037998 to 0.050968, average 0.045781
Node 0 Table Mem Usage ranges from 0.063541 to 0.086212, average 0.076992
Node 0 Table Mem Usage ranges from 0.085865 to 0.117039, average 0.104155
Node 0 Table Mem Usage ranges from 0.106339 to 0.145641, average 0.129305
Vectors Added Node 0: 2.20794 Seconds

Node 2 Table Mem Usage ranges from 0.005039 to 0.006470, average 0.005835
Node 2 Table Mem Usage ranges from 0.038029 to 0.050930, average 0.045682
Node 2 Table Mem Usage ranges from 0.063755 to 0.086292, average 0.077092
Node 2 Table Mem Usage ranges from 0.086430 to 0.117397, average 0.104840
Node 2 Table Mem Usage ranges from 0.106792 to 0.145393, average 0.129625
Vectors Added Node 2: 2.21009 Seconds

Computing Query Hashes Node 0...
Computing Query Hashes Node 1...
Computing Query Hashes Node 2...
Query Hashes Computed Node 1: 0.056903 Seconds

Query Hashes Computed Node 2: 0.0569023 Seconds

Query Hashes Computed Node 0: 0.0569412 Seconds

Extracting Top K (CMS) Node 0...
Extracting Top K (CMS) Node 1...
Extracting Top K (CMS) Node 2...
Top K Extracted Node 1: 0.287633 Seconds

Top K Extracted Node 2: 0.44426 Seconds

Top K Extracted Node 0: 4.71803 Seconds

Reading Groundtruth Node 0...
Groundtruth Read Node 0: 0.00349311 Seconds

[readSparse]
[readSparse] Read 1304697446 numbers, 350000 vectors. 


================================
TOP K CMS

[similarityMetric] Averaging gtruth. 
[similarityMetric] Averaging output. 

S@k = s_out(s_true): In top k, average output similarity (average groundtruth similarity). 
S@1 = 0.904 (0.000) 
S@10 = 0.860 (0.000) 
S@20 = 0.844 (0.000) 
S@30 = 0.835 (0.000) 
S@32 = 0.833 (0.000) 
S@40 = 0.828 (0.000) 
S@50 = 0.823 (0.000) 
S@64 = 0.817 (0.000) 
S@100 = 0.805 (0.000) 
S@128 = 0.798 (0.000) 
1 10 20 30 32 40 50 64 100 128 
0.904 0.860 0.844 0.835 0.833 0.828 0.823 0.817 0.805 0.798 
0.000 0.000 0.000 0.000 0.000 0.000 0.000 0.000 0.000 0.000 

Similarity Metric Computed
Evaluation Complete
