
=================
== Webspam
=================

340000 Vectors, 10000 Queries
Nodes: 2
Tables: 24
RangePow: 18
Reservoir Size: 256
Hashes: 8
Using CMS Aggregation
Using Tree Aggregation
CMS Bucket Size: 1024
CMS Hashes: 4

LSH Initialized in Node 0
LSH Initialized in Node 1
CMS Initialized in Node 0
CMS Initialized in Node 1
LSH Reservoir Initialized in Node 1
LSH Reservoir Initialized in Node 0
FLASH Controller Initialized in Node 0

Reading Data Node 0...
FLASH Controller Initialized in Node 1

Reading Data Node 1...
[readSparse]
[readSparse]
[readSparse] Read 633179023 numbers, 170000 vectors. 
[readSparse] Read 634310705 numbers, 170000 vectors. 
Data Read Node 0: 165.87 Seconds

Data Read Node 1: 165.87 Seconds

[readSparse]
[readSparse] Read 37207718 numbers, 10000 vectors. 
Adding Vectors Node 0...
Adding Vectors Node 1...
Node 1 Table Mem Usage ranges from 0.007080 to 0.009159, average 0.008200
Node 1 Table Mem Usage ranges from 0.052567 to 0.070927, average 0.063383
Node 1 Table Mem Usage ranges from 0.087032 to 0.119164, average 0.105740
Node 1 Table Mem Usage ranges from 0.116661 to 0.159859, average 0.142051
Node 1 Table Mem Usage ranges from 0.143570 to 0.196667, average 0.174632
Vectors Added Node 1: 3.13109 Seconds

Node 0 Table Mem Usage ranges from 0.007275 to 0.009350, average 0.008500
Node 0 Table Mem Usage ranges from 0.052605 to 0.070786, average 0.063491
Node 0 Table Mem Usage ranges from 0.086987 to 0.118652, average 0.105538
Node 0 Table Mem Usage ranges from 0.116764 to 0.160381, average 0.142095
Node 0 Table Mem Usage ranges from 0.143150 to 0.196911, average 0.174613
Vectors Added Node 0: 3.17116 Seconds

Computing Query Hashes Node 0...
Computing Query Hashes Node 1...
Query Hashes Computed Node 0: 0.0834366 Seconds

Extracting Top K (CMS) Node 0...
Query Hashes Computed Node 1: 0.0834469 Seconds

Extracting Top K (CMS) Node 1...
Top K Extracted Node 1: 1.79966 Seconds

Top K Extracted Node 0: 2.01471 Seconds

Reading Groundtruth Node 0...
Groundtruth Read Node 0: 0.000975292 Seconds

[readSparse]
[readSparse] Read 1304697446 numbers, 350000 vectors. 


================================
TOP K CMS

[similarityMetric] Averaging gtruth. 
[similarityMetric] Averaging output. 

S@k = s_out(s_true): In top k, average output similarity (average groundtruth similarity). 
S@1 = 0.901 (0.000) 
S@10 = 0.857 (0.000) 
S@20 = 0.840 (0.000) 
S@30 = 0.830 (0.000) 
S@32 = 0.828 (0.000) 
S@40 = 0.822 (0.000) 
S@50 = 0.817 (0.000) 
S@64 = 0.810 (0.000) 
S@100 = 0.797 (0.000) 
S@128 = 0.790 (0.000) 
1 10 20 30 32 40 50 64 100 128 
0.901 0.857 0.840 0.830 0.828 0.822 0.817 0.810 0.797 0.790 
0.000 0.000 0.000 0.000 0.000 0.000 0.000 0.000 0.000 0.000 

Similarity Metric Computed
Evaluation Complete
