
=================
== Webspam
=================

340000 Vectors, 10000 Queries
Nodes: 3
Tables: 24
RangePow: 18
Reservoir Size: 256
Hashes: 8
Using CMS Aggregation
Using Tree Aggregation
CMS Bucket Size: 1024
CMS Hashes: 4

LSH Initialized in Node 0
LSH Initialized in Node 2
LSH Initialized in Node 1
CMS Initialized in Node 0
CMS Initialized in Node 1
CMS Initialized in Node 2
LSH Reservoir Initialized in Node 2
LSH Reservoir Initialized in Node 0
FLASH Controller Initialized in Node 0

Reading Data Node 0...
LSH Reservoir Initialized in Node 1
FLASH Controller Initialized in Node 1

Reading Data Node 1...
FLASH Controller Initialized in Node 2

Reading Data Node 2...
[readSparse]
[readSparse]
[readSparse]
[readSparse] Read 422377049 numbers, 113334 vectors. 
[readSparse] Read 422570289 numbers, 113333 vectors. 
[readSparse] Read 422542390 numbers, 113333 vectors. 
Data Read Node 2: 176.29 Seconds

Data Read Node 0: 176.29 Seconds

Data Read Node 1: 176.29 Seconds

[readSparse]
[readSparse] Read 37207718 numbers, 10000 vectors. 
Adding Vectors Node 0...
Adding Vectors Node 1...
Adding Vectors Node 2...
Node 2 Table Mem Usage ranges from 0.005039 to 0.006474, average 0.005834
Node 2 Table Mem Usage ranges from 0.038021 to 0.050922, average 0.045681
Node 2 Table Mem Usage ranges from 0.063747 to 0.086273, average 0.077092
Node 2 Table Mem Usage ranges from 0.086411 to 0.117405, average 0.104841
Node 2 Table Mem Usage ranges from 0.106804 to 0.145386, average 0.129628
Vectors Added Node 2: 2.21436 Seconds

Node 0 Table Mem Usage ranges from 0.005116 to 0.006458, average 0.005894
Node 0 Table Mem Usage ranges from 0.038010 to 0.050976, average 0.045779
Node 0 Table Mem Usage ranges from 0.063545 to 0.086189, average 0.076989
Node 0 Table Mem Usage ranges from 0.085869 to 0.117085, average 0.104156
Node 0 Table Mem Usage ranges from 0.106342 to 0.145676, average 0.129308
Vectors Added Node 0: 2.21672 Seconds

Computing Query Hashes Node 0...
Node 1 Table Mem Usage ranges from 0.005150 to 0.006493, average 0.005927
Node 1 Table Mem Usage ranges from 0.038193 to 0.051182, average 0.045849
Node 1 Table Mem Usage ranges from 0.063904 to 0.086731, average 0.077398
Node 1 Table Mem Usage ranges from 0.086258 to 0.117603, average 0.104708
Node 1 Table Mem Usage ranges from 0.106018 to 0.145603, average 0.129197
Vectors Added Node 1: 2.30532 Seconds

Computing Query Hashes Node 1...
Computing Query Hashes Node 2...
Query Hashes Computed Node 0: 0.0568394 Seconds

Extracting Top K (CMS) Node 0...
Query Hashes Computed Node 1: 0.0568294 Seconds

Extracting Top K (CMS) Node 1...
Query Hashes Computed Node 2: 0.0568221 Seconds

Extracting Top K (CMS) Node 2...
Top K Extracted Node 1: 1.85135 Seconds

Top K Extracted Node 2: 2.03527 Seconds

Top K Extracted Node 0: 2.26791 Seconds

Reading Groundtruth Node 0...
Groundtruth Read Node 0: 0.00321399 Seconds

[readSparse]
[readSparse] Read 1304697446 numbers, 350000 vectors. 


================================
TOP K CMS

[similarityMetric] Averaging gtruth. 
[similarityMetric] Averaging output. 

S@k = s_out(s_true): In top k, average output similarity (average groundtruth similarity). 
S@1 = 0.901 (0.000) 
S@10 = 0.857 (0.000) 
S@20 = 0.841 (0.000) 
S@30 = 0.831 (0.000) 
S@32 = 0.829 (0.000) 
S@40 = 0.824 (0.000) 
S@50 = 0.818 (0.000) 
S@64 = 0.811 (0.000) 
S@100 = 0.798 (0.000) 
S@128 = 0.789 (0.000) 
1 10 20 30 32 40 50 64 100 128 
0.901 0.857 0.841 0.831 0.829 0.824 0.818 0.811 0.798 0.789 
0.000 0.000 0.000 0.000 0.000 0.000 0.000 0.000 0.000 0.000 

Similarity Metric Computed
Evaluation Complete
