
=================
== Webspam
=================

340000 Vectors, 10000 Queries
Nodes: 3
Tables: 24
RangePow: 18
Reservoir Size: 256
Hashes: 8
Using CMS Aggregation
Using Linear Aggregation
CMS Bucket Size: 1024
CMS Hashes: 4

LSH Initialized in Node 0
LSH Initialized in Node 1
LSH Initialized in Node 2
CMS Initialized in Node 0
CMS Initialized in Node 1
CMS Initialized in Node 2
LSH Reservoir Initialized in Node 1
LSH Reservoir Initialized in Node 2
LSH Reservoir Initialized in Node 0
FLASH Controller Initialized in Node 0

Reading Data Node 0...
FLASH Controller Initialized in Node 1

Reading Data Node 1...
[readSparse]
FLASH Controller Initialized in Node 2

Reading Data Node 2...
[readSparse]
[readSparse]
[readSparse] Read 422570289 numbers, 113333 vectors. 
[readSparse] Read 422377049 numbers, 113334 vectors. 
[readSparse] Read 422542390 numbers, 113333 vectors. 
Data Read Node 0: 118.209 Seconds

Data Read Node 2: 118.209 Seconds

Data Read Node 1: 118.209 Seconds

[readSparse]
[readSparse] Read 37207718 numbers, 10000 vectors. 
Adding Vectors Node 0...
Adding Vectors Node 1...
Adding Vectors Node 2...
Node 1 Table Mem Usage ranges from 0.005150 to 0.006489, average 0.005926
Node 1 Table Mem Usage ranges from 0.038197 to 0.051182, average 0.045843
Node 1 Table Mem Usage ranges from 0.063911 to 0.086708, average 0.077388
Node 1 Table Mem Usage ranges from 0.086269 to 0.117558, average 0.104695
Node 1 Table Mem Usage ranges from 0.106030 to 0.145599, average 0.129180
Vectors Added Node 1: 2.08403 Seconds

Node 2 Table Mem Usage ranges from 0.005035 to 0.006470, average 0.005834
Node 2 Table Mem Usage ranges from 0.038033 to 0.050938, average 0.045680
Node 2 Table Mem Usage ranges from 0.063759 to 0.086300, average 0.077090
Node 2 Table Mem Usage ranges from 0.086430 to 0.117390, average 0.104839
Node 2 Table Mem Usage ranges from 0.106785 to 0.145397, average 0.129625
Vectors Added Node 2: 2.21393 Seconds

Node 0 Table Mem Usage ranges from 0.005116 to 0.006462, average 0.005893
Node 0 Table Mem Usage ranges from 0.038006 to 0.050957, average 0.045778
Node 0 Table Mem Usage ranges from 0.063549 to 0.086182, average 0.076987
Node 0 Table Mem Usage ranges from 0.085880 to 0.117069, average 0.104151
Node 0 Table Mem Usage ranges from 0.106350 to 0.145668, average 0.129303
Vectors Added Node 0: 2.21944 Seconds

Computing Query Hashes Node 0...
Computing Query Hashes Node 1...
Computing Query Hashes Node 2...
Query Hashes Computed Node 0: 0.0572022 Seconds

Extracting Top K (CMS) Node 0...
Query Hashes Computed Node 1: 0.057219 Seconds

Extracting Top K (CMS) Node 1...
Query Hashes Computed Node 2: 0.0571809 Seconds

Extracting Top K (CMS) Node 2...
Top K Extracted Node 1: 1.82606 Seconds

Top K Extracted Node 2: 2.03439 Seconds

Top K Extracted Node 0: 2.38325 Seconds

Reading Groundtruth Node 0...
Groundtruth Read Node 0: 0.00229219 Seconds

[readSparse]
[readSparse] Read 1304697446 numbers, 350000 vectors. 


================================
TOP K CMS

[similarityMetric] Averaging gtruth. 
[similarityMetric] Averaging output. 

S@k = s_out(s_true): In top k, average output similarity (average groundtruth similarity). 
S@1 = 0.901 (0.000) 
S@10 = 0.857 (0.000) 
S@20 = 0.841 (0.000) 
S@30 = 0.831 (0.000) 
S@32 = 0.829 (0.000) 
S@40 = 0.824 (0.000) 
S@50 = 0.818 (0.000) 
S@64 = 0.811 (0.000) 
S@100 = 0.798 (0.000) 
S@128 = 0.789 (0.000) 
1 10 20 30 32 40 50 64 100 128 
0.901 0.857 0.841 0.831 0.829 0.824 0.818 0.811 0.798 0.789 
0.000 0.000 0.000 0.000 0.000 0.000 0.000 0.000 0.000 0.000 

Similarity Metric Computed
Evaluation Complete
